( 25.886451854220308 11.889638347031823 2.0694852819875265 12.950452928537848 -2.720150807612382 10.939623403348198 )
( 24.919120828187623 12.505732351812558 0.822742086234902 13.545949751765177 -2.9035901694713404 9.97833319248672 )
( 23.721029675779945 13.019658306746363 -0.6348511226708784 14.188049688146478 -3.171308613817733 8.934064869401006 )
( 22.41574750730749 13.414215722907784 -2.037273178374647 14.868882904071931 -3.4446837706434 7.981332317554711 )
( 21.287355112560416 13.731455881778682 -2.9419252700796625 15.484907021567755 -3.5599324676107296 7.006312729657495 )
( 20.46209912655746 14.003061641267667 -3.1693980328060363 15.971092675782195 -3.4672797036351994 6.161494810043097 )
( 19.914334022554588 14.364203321259245 -2.7659552262528915 16.4741433139482 -3.2186473984544017 5.337550684458617 )
( 19.56781081271044 14.71583150023567 -1.991053470696005 17.00074410135822 -3.0071493229769186 4.622543171486704 )
( 19.14133039283856 14.951074220219567 -1.148394971217978 17.744233818988597 -2.953320345459562 4.239621229242362 )
( 18.37529009856665 14.981553979818742 -0.3912906949768147 18.879627228034156 -2.9570212482834517 4.0055379544747245 )
( 17.437282535244563 14.779038893810776 0.3108320565214792 20.07650274043905 -2.7604182159517694 3.967324347951657 )
( 16.141179192366764 14.456279056528444 1.1152926404857335 21.41065128185588 -2.176423966578815 4.208334905089462 )
( 14.307834743444058 13.899743268830226 1.9458993411125145 23.119125980512585 -1.3497138340289545 5.013331842183775 )
( 11.987829612776943 12.973415971423549 2.499125763985892 25.309455902236067 -0.575134773845695 6.257803000441836 )
( 9.831402223477276 11.690153136649863 2.515623493339134 27.577362425397165 -0.0962939461048312 7.36750961127242 )
( 8.281448171531535 10.033266823874314 2.0090228114228736 30.07163947903689 -0.0166551615729249 8.029084752003142 )
( 7.556203570368575 7.7933978300634 1.3355052598004835 32.86810148321906 -0.2831913045426424 8.319227485611263 )
( 7.719545344338471 5.416073030327661 1.0567707902468788 35.32928929035943 -0.6361334932787295 8.322046385388838 )
( 8.018872510887439 3.246141558062221 1.26047312936733 38.01248624328222 -0.827576726718125 8.286172590405817 )
( 7.782039659040788 1.4416310182715757 1.705651759102049 41.266372913870974 -0.7710813337932437 8.305539830772654 )
( 7.404232962306139 0.0629483949538076 2.0652499869282246 45.069204248047946 -0.6015035908806464 8.392229094432922 )
( 7.232240107632535 -1.0305212390051148 2.173364401342424 49.09002927287583 -0.4757043791013977 8.271148072940495 )
( 7.267068553321877 -2.0453101234146285 2.1038288813212014 53.32939992232097 -0.5389532628899766 7.837990799203895 )
( 7.436863168813261 -3.069594068767611 1.9784710022528995 58.02839328572743 -0.6726454900008726 7.468021550707494 )
( 7.568825631418503 -4.127537942447508 1.7079719214743074 62.839892906672176 -0.8115299072993005 7.311005435314611 )
( 7.54286384576216 -4.911047006929454 1.2281334205147347 67.33505070668258 -1.1413636252225403 7.187931625474851 )
( 7.405126791089732 -5.275794498319792 0.6168318079762987 71.5708388266719 -1.855241156794544 6.798736653837379 )
( 7.440926570813588 -5.65216724907257 0.0523669426188035 75.65844403813219 -2.635826474234983 6.205933895801821 )
( 7.715497709401276 -6.623481294589428 -0.41396309298002 79.24211906631955 -3.2412580270713205 5.745567149404723 )
( 8.268844001470319 -8.584537069618321 -0.8074745146258543 82.25484169728443 -3.8040446428293535 5.73694847097298 )
( 9.16559610980335 -11.45811469637141 -1.1804316616149508 84.31978306901466 -3.950072960902001 5.97094163208534 )
( 10.43332780915313 -14.713647841734206 -1.4981280773718462 85.1326025435509 -3.709819606743299 6.120321200851768 )
( 11.889901489887878 -17.67312199951937 -1.7435890947429198 84.95040939869578 -3.231020544739487 5.987415586020913 )
( 13.206521479361903 -20.05529765250881 -1.851655772545216 83.5875580923925 -2.6917787542945124 5.704281203226528 )
( 13.994819085787752 -21.78455906391137 -1.8465720050341428 80.88368885875484 -2.1713076003233085 5.560395623220646 )
( 14.214183229425444 -23.138467381293456 -1.688806192453066 77.24385293416468 -1.7088391381670114 5.4706222490892165 )
( 14.220552977406244 -24.415096730006116 -1.19215484325444 73.15647850837513 -1.481587658660142 5.2957128481445 )
( 14.522883784294397 -25.67629382752322 -0.407764655913434 68.7721116959798 -1.5544397916578987 5.131288659172739 )
( 15.423649142364036 -26.803564830029494 0.4766181161876803 64.02929129287195 -1.907485649193994 5.114023383813401 )
( 16.868825584493248 -27.52441447252344 1.2502307775774535 59.22844017819711 -2.499635636112791 5.238541270259698 )
( 18.685632515179524 -27.919437864599544 1.7786747060336268 54.4270493941412 -3.138096716360896 5.452742232519905 )
( 20.62584201370008 -27.994176515357065 2.1379458801836666 49.600544642249446 -3.711889920584461 5.682833176480096 )
( 22.672768358863262 -27.96827774752903 2.6058632302352467 44.99903808367432 -4.285967205714049 5.815586861113992 )
( 24.62437977914009 -27.783181110434 3.1357096750097027 40.8790280566949 -4.7992718890978985 5.685496417184777 )
( 26.40436421557624 -27.384558131383823 3.781710911829079 37.00923075506736 -5.245902112369472 5.352599186651055 )
( 28.20958310758005 -26.83863720475148 4.335445159273931 33.27971269439567 -5.454734302539815 4.882006357344886 )
( 30.042872480207578 -26.266927925519564 4.5545598600669255 29.79630725644498 -5.273823618066554 4.3323719446255895 )
( 31.873432107458548 -25.468875227546366 4.454352591426367 26.31565355790815 -4.778219503678115 3.807466946213196 )
( 33.35405709132136 -24.30666081099715 4.032535924888845 23.04800652832393 -4.0454604068834925 3.365086490026038 )
( 12.728227415472178 0.0238674494848531 1.1528301534124643 0.4774225429400103 0.2901307647497371 1.7688791508769388 )
( 26.189872198350677 0.8126921112010659 1.3044412624254191 2.730903669955613 0.9867206818523988 5.910287113889774 )
( 19.742469950030795 -0.4081527868410896 -0.2022403563518114 5.135819142730123 1.393198326475294 7.091600135827812 )
( 22.857771415931087 -5.464679340203357 -1.261592161411775 7.1281125572486514 1.98082027193583 6.661517009682669 )
( 32.06434059155858 -11.8186927502933 -1.5336541329983862 9.376192307357904 1.8080883781571404 6.2415444874242665 )
( 36.56902008910016 -16.641358761818328 -0.5677174987565361 11.95144496848318 0.6453646881914463 5.090840878054313 )
( 37.11775529163163 -19.77222093747636 1.093758127170814 14.764060086682033 -0.9126786205214004 3.776768294235664 )
( 36.06909564872878 -21.90184287092229 2.500753130891149 17.738756561341887 -2.2609920903977154 3.2240134896319383 )
( 34.750030281087845 -23.244723317367104 3.4054881163518838 20.381014231679792 -3.238670303884863 3.176829598458066 )
( 1.4219428595362646 0.0141195115825666 0.1145129045435534 0.5825730652363109 -0.0866760305887512 2.555730234128178 )
( 2.9375881902685284 1.5340768613853106 -0.485892662004477 3.1874465612821004 -0.7528783710445618 5.737246005178906 )
( 10.19709375743568 3.6100248518741807 0.3161347178690651 5.274903286637038 -1.5178290674070185 4.144358390275335 )
( 18.17332164566368 5.419937417483347 1.6510632352368468 6.548832825548839 -1.5817986654796374 3.2759619082692994 )
( 23.1962884149729 7.056316881234065 2.800461798071258 7.945989464730507 -1.775558805748824 5.545273443309944 )
( 26.09599999779549 8.484974420786019 3.4911701191317985 9.4632254487685 -2.228920082130934 8.743861292699348 )
( 27.068210550802277 9.572231811901068 3.6899653129564176 10.758273704098547 -2.479354457956737 10.97056223881151 )
( 27.012135057928607 10.447464082493289 3.4948750782625924 11.66496551732441 -2.518840099829152 11.816965663833976 )
( 26.60098048974037 11.206149967972683 2.970063251182915 12.362178356181657 -2.5808406173927207 11.629855665898548 )
