9.829045
9.829045
10.613505
10.613505
9.829045
10.613505
9.829045
10.613505
9.829045
10.613505
9.829045
10.613505
9.829045
10.613505
9.829045
10.613505
9.829045
10.613505
9.829045
10.613505
9.829045
10.613505
9.829045
10.613505
9.829045
10.613505
9.829045
10.613505
9.829045
10.613505
9.829045
10.613505
9.829045
10.613505
9.829045
10.613505
9.829045
10.613505
9.829045
10.613505
9.829045
10.613505
11.549665
11.549665
11.549665
11.549665
11.549665
11.549665
11.549665
11.549665
11.549665
11.549665
11.549665
11.549665
11.549665
11.549665
11.549665
11.549665
11.549665
11.549665
11.549665
11.549665
11.549665
12.347531
12.347531
12.347531
12.347531
12.347531
12.347531
12.347531
12.347531
12.347531
12.347531
12.347531
12.347531
12.347531
12.347531
12.347531
12.347531
12.347531
12.347531
12.347531
12.347531
12.347531
13.0709
13.0709
13.0709
13.0709
13.0709
13.0709
13.0709
13.0709
13.0709
13.0709
13.0709
13.0709
13.0709
13.0709
13.0709
13.0709
13.0709
13.0709
13.0709
13.0709
13.0709
13.474239
13.474239
13.474239
13.474239
13.474239
13.474239
13.474239
13.474239
13.474239
13.474239
13.474239
13.474239
13.474239
13.474239
13.474239
13.474239
13.474239
13.474239
13.474239
13.474239
13.474239
13.661994
13.661994
13.661994
13.661994
13.661994
13.661994
13.661994
13.661994
13.661994
13.661994
13.661994
13.661994
13.661994
13.661994
13.661994
13.661994
13.661994
13.661994
13.661994
13.661994
13.661994
13.652926
13.652926
13.652926
13.652926
13.652926
13.652926
13.652926
13.652926
13.652926
13.652926
13.652926
13.652926
13.652926
13.652926
13.652926
13.652926
13.652926
13.652926
13.652926
13.652926
13.652926
13.570235
13.570235
13.570235
13.570235
13.570235
13.570235
13.570235
13.570235
13.570235
13.570235
13.570235
13.570235
13.570235
13.570235
13.570235
13.570235
13.570235
13.570235
13.570235
13.570235
13.570235
13.563899
13.563899
13.563899
13.563899
13.563899
13.563899
13.563899
13.563899
13.563899
13.563899
13.563899
13.563899
13.563899
13.563899
13.563899
13.563899
13.563899
13.563899
13.563899
13.563899
13.563899
13.644959
13.644959
13.644959
13.644959
13.644959
13.644959
13.644959
13.644959
13.644959
13.644959
13.644959
13.644959
13.644959
13.644959
13.644959
13.644959
13.644959
13.644959
13.644959
13.644959
13.644959
13.987303
13.987303
13.987303
13.987303
13.987303
13.987303
13.987303
13.987303
13.987303
13.987303
13.987303
13.987303
13.987303
13.987303
13.987303
13.987303
13.987303
13.987303
13.987303
13.987303
13.987303
14.507668
14.507668
14.507668
14.507668
14.507668
14.507668
14.507668
14.507668
14.507668
14.507668
14.507668
14.507668
14.507668
14.507668
14.507668
14.507668
14.507668
14.507668
14.507668
14.507668
14.507668
15.079384
15.079384
15.079384
15.079384
15.079384
15.079384
15.079384
15.079384
15.079384
15.079384
15.079384
15.079384
15.079384
15.079384
15.079384
15.079384
15.079384
15.079384
15.079384
15.079384
15.079384
15.60678
15.60678
15.60678
15.60678
15.60678
15.60678
15.60678
15.60678
15.60678
15.60678
15.60678
15.60678
15.60678
15.60678
15.60678
15.60678
15.60678
15.60678
15.60678
15.60678
15.60678
16.454236
16.454236
16.454236
16.454236
16.454236
16.454236
16.454236
16.454236
16.454236
16.454236
16.454236
16.454236
16.454236
16.454236
16.454236
16.454236
16.454236
16.454236
16.454236
16.454236
16.454236
17.439544
17.439544
17.439544
17.439544
17.439544
17.439544
17.439544
17.439544
17.439544
17.439544
17.439544
17.439544
17.439544
17.439544
17.439544
17.439544
17.439544
17.439544
17.439544
17.439544
17.439544
18.377221
18.377221
18.377221
18.377221
18.377221
18.377221
18.377221
18.377221
18.377221
18.377221
18.377221
18.377221
18.377221
18.377221
18.377221
18.377221
18.377221
18.377221
18.377221
18.377221
18.377221
19.552851
19.552851
19.552851
19.552851
19.552851
19.552851
19.552851
19.552851
19.552851
19.552851
19.552851
19.552851
19.552851
19.552851
19.552851
19.552851
19.552851
19.552851
19.552851
19.552851
19.552851
20.358004
20.358004
20.358004
20.358004
20.358004
20.358004
20.358004
20.358004
20.358004
20.358004
20.358004
20.358004
20.358004
20.358004
20.358004
20.358004
20.358004
20.358004
20.358004
20.358004
20.358004
21.210846
21.210846
21.210846
21.210846
21.210846
21.210846
21.210846
21.210846
21.210846
21.210846
21.210846
21.210846
21.210846
21.210846
21.210846
21.210846
21.210846
21.210846
21.210846
21.210846
21.210846
21.794014
21.794014
21.794014
21.794014
21.794014
21.794014
21.794014
21.794014
21.794014
21.794014
21.794014
21.794014
21.794014
21.794014
21.794014
21.794014
21.794014
21.794014
21.794014
21.794014
21.794014
22.323006
22.323006
22.323006
22.323006
22.323006
22.323006
22.323006
22.323006
22.323006
22.323006
22.323006
22.323006
22.323006
22.323006
22.323006
22.323006
22.323006
22.323006
22.323006
22.323006
22.323006
22.665934
22.665934
22.665934
22.665934
22.665934
22.665934
22.665934
22.665934
22.665934
22.665934
22.665934
22.665934
22.665934
22.665934
22.665934
22.665934
22.665934
22.665934
22.665934
22.665934
22.665934
22.989441
22.989441
22.989441
22.989441
22.989441
22.989441
22.989441
22.989441
22.989441
22.989441
22.989441
22.989441
22.989441
22.989441
22.989441
22.989441
22.989441
22.989441
22.989441
22.989441
22.989441
23.511202
23.511202
23.511202
23.511202
23.511202
23.511202
23.511202
23.511202
23.511202
23.511202
23.511202
23.511202
23.511202
23.511202
23.511202
23.511202
23.511202
23.511202
23.511202
23.511202
23.511202
24.02108
24.02108
24.02108
24.02108
24.02108
24.02108
24.02108
24.02108
24.02108
24.02108
24.02108
24.02108
24.02108
24.02108
24.02108
24.02108
24.02108
24.02108
24.02108
24.02108
24.02108
24.62081
24.62081
24.62081
24.62081
24.62081
24.62081
24.62081
24.62081
24.62081
24.62081
24.62081
24.62081
24.62081
24.62081
24.62081
24.62081
24.62081
24.62081
24.62081
24.62081
24.62081
25.005649
25.005649
25.005649
25.005649
25.005649
25.005649
25.005649
25.005649
25.005649
25.005649
25.005649
25.005649
25.005649
25.005649
25.005649
25.005649
25.005649
25.005649
25.005649
25.005649
25.005649
25.361003
25.361003
25.361003
25.361003
25.361003
25.361003
25.361003
25.361003
25.361003
25.361003
25.361003
25.361003
25.361003
25.361003
25.361003
25.361003
25.361003
25.361003
25.361003
25.361003
25.361003
25.205747
25.205747
25.205747
25.205747
25.205747
25.205747
25.205747
25.205747
25.205747
25.205747
25.205747
25.205747
25.205747
25.205747
25.205747
25.205747
25.205747
25.205747
25.205747
25.205747
25.205747
24.86061
24.86061
24.86061
24.86061
24.86061
24.86061
24.86061
24.86061
24.86061
24.86061
24.86061
24.86061
24.86061
24.86061
24.86061
24.86061
24.86061
24.86061
24.86061
24.86061
24.86061
24.019669
24.019669
24.019669
24.019669
24.019669
24.019669
24.019669
24.019669
24.019669
24.019669
24.019669
24.019669
24.019669
24.019669
24.019669
24.019669
24.019669
24.019669
24.019669
24.019669
24.019669
23.257777
23.257777
23.257777
23.257777
23.257777
23.257777
23.257777
23.257777
23.257777
23.257777
23.257777
23.257777
23.257777
23.257777
23.257777
23.257777
23.257777
23.257777
23.257777
23.257777
23.257777
22.883065
22.883065
22.883065
22.883065
22.883065
22.883065
22.883065
22.883065
22.883065
22.883065
22.883065
22.883065
22.883065
22.883065
22.883065
22.883065
22.883065
22.883065
22.883065
22.883065
22.883065
22.854812
22.854812
22.854812
22.854812
22.854812
22.854812
22.854812
22.854812
22.854812
22.854812
22.854812
22.854812
22.854812
22.854812
22.854812
22.854812
22.854812
22.854812
22.854812
22.854812
22.854812
22.461583
22.461583
22.461583
22.461583
22.461583
22.461583
22.461583
22.461583
22.461583
22.461583
22.461583
22.461583
22.461583
22.461583
22.461583
22.461583
22.461583
22.461583
22.461583
22.461583
22.461583
21.7108
21.7108
21.7108
21.7108
21.7108
21.7108
21.7108
21.7108
21.7108
21.7108
21.7108
21.7108
21.7108
21.7108
21.7108
21.7108
21.7108
21.7108
21.7108
21.7108
21.7108
20.695259
20.695259
20.695259
20.695259
20.695259
20.695259
20.695259
20.695259
20.695259
20.695259
20.695259
20.695259
20.695259
20.695259
20.695259
20.695259
20.695259
20.695259
20.695259
20.695259
20.695259
19.718898
19.718898
19.718898
19.718898
19.718898
19.718898
19.718898
19.718898
19.718898
19.718898
19.718898
19.718898
19.718898
19.718898
19.718898
19.718898
19.718898
19.718898
19.718898
19.718898
19.718898
18.975246
18.975246
18.975246
18.975246
18.975246
18.975246
18.975246
18.975246
18.975246
18.975246
18.975246
18.975246
18.975246
18.975246
18.975246
18.975246
18.975246
18.975246
18.975246
18.975246
18.975246
18.333128
18.333128
18.333128
18.333128
18.333128
18.333128
18.333128
18.333128
18.333128
18.333128
18.333128
18.333128
18.333128
18.333128
18.333128
18.333128
18.333128
18.333128
18.333128
18.333128
18.333128
17.043466
17.043466
17.043466
17.043466
17.043466
17.043466
17.043466
17.043466
17.043466
17.043466
17.043466
17.043466
17.043466
17.043466
17.043466
17.043466
17.043466
17.043466
17.043466
17.043466
17.043466
16.000407
16.000407
16.000407
16.000407
16.000407
16.000407
16.000407
16.000407
16.000407
16.000407
16.000407
16.000407
16.000407
16.000407
16.000407
16.000407
16.000407
16.000407
16.000407
16.000407
16.000407
14.691569
14.691569
14.691569
14.691569
14.691569
14.691569
14.691569
14.691569
14.691569
14.691569
14.691569
14.691569
14.691569
14.691569
14.691569
14.691569
14.691569
14.691569
14.691569
14.691569
14.691569
13.501214
13.501214
13.501214
13.501214
13.501214
13.501214
13.501214
13.501214
13.501214
13.501214
13.501214
13.501214
13.501214
13.501214
13.501214
13.501214
13.501214
13.501214
13.501214
13.501214
13.501214
12.418189
12.418189
12.418189
12.418189
12.418189
12.418189
12.418189
12.418189
12.418189
12.418189
12.418189
12.418189
12.418189
12.418189
12.418189
12.418189
12.418189
12.418189
12.418189
12.418189
12.418189
11.362033
11.362033
11.362033
11.362033
11.362033
11.362033
11.362033
11.362033
11.362033
11.362033
11.362033
11.362033
11.362033
11.362033
11.362033
11.362033
11.362033
11.362033
11.362033
11.362033
11.362033
10.591852
10.591852
10.591852
10.591852
10.591852
10.591852
10.591852
10.591852
10.591852
10.591852
10.591852
10.591852
10.591852
10.591852
10.591852
10.591852
10.591852
10.591852
10.591852
10.591852
10.591852
10.203378
10.203378
10.203378
10.203378
10.203378
10.203378
10.203378
10.203378
10.203378
10.203378
10.203378
10.203378
10.203378
10.203378
10.203378
10.203378
10.203378
10.203378
10.203378
10.203378
10.203378
1.0670255
1.0670255
0.12031482
0.12031482
1.0670255
0.12031482
1.0670255
0.12031482
1.0670255
0.12031482
1.0670255
0.12031482
1.0670255
0.12031482
1.0670255
0.12031482
1.0670255
0.12031482
1.0670255
0.12031482
1.0670255
0.12031482
1.0670255
0.12031482
1.0670255
0.12031482
1.0670255
0.12031482
1.0670255
0.12031482
1.0670255
0.12031482
1.0670255
0.12031482
1.0670255
0.12031482
1.0670255
0.12031482
1.0670255
0.12031482
1.0670255
0.12031482
2.9109471
2.9109471
2.9109471
2.9109471
2.9109471
2.9109471
2.9109471
2.9109471
2.9109471
2.9109471
2.9109471
2.9109471
2.9109471
2.9109471
2.9109471
2.9109471
2.9109471
2.9109471
2.9109471
2.9109471
2.9109471
4.2771637
4.2771637
4.2771637
4.2771637
4.2771637
4.2771637
4.2771637
4.2771637
4.2771637
4.2771637
4.2771637
4.2771637
4.2771637
4.2771637
4.2771637
4.2771637
4.2771637
4.2771637
4.2771637
4.2771637
4.2771637
5.0912554
5.0912554
5.0912554
5.0912554
5.0912554
5.0912554
5.0912554
5.0912554
5.0912554
5.0912554
5.0912554
5.0912554
5.0912554
5.0912554
5.0912554
5.0912554
5.0912554
5.0912554
5.0912554
5.0912554
5.0912554
5.2248723
5.2248723
5.2248723
5.2248723
5.2248723
5.2248723
5.2248723
5.2248723
5.2248723
5.2248723
5.2248723
5.2248723
5.2248723
5.2248723
5.2248723
5.2248723
5.2248723
5.2248723
5.2248723
5.2248723
5.2248723
5.0730734
5.0730734
5.0730734
5.0730734
5.0730734
5.0730734
5.0730734
5.0730734
5.0730734
5.0730734
5.0730734
5.0730734
5.0730734
5.0730734
5.0730734
5.0730734
5.0730734
5.0730734
5.0730734
5.0730734
5.0730734
4.7622629
4.7622629
4.7622629
4.7622629
4.7622629
4.7622629
4.7622629
4.7622629
4.7622629
4.7622629
4.7622629
4.7622629
4.7622629
4.7622629
4.7622629
4.7622629
4.7622629
4.7622629
4.7622629
4.7622629
4.7622629
4.6016441
4.6016441
4.6016441
4.6016441
4.6016441
4.6016441
4.6016441
4.6016441
4.6016441
4.6016441
4.6016441
4.6016441
4.6016441
4.6016441
4.6016441
4.6016441
4.6016441
4.6016441
4.6016441
4.6016441
4.6016441
4.5296109
4.5296109
4.5296109
4.5296109
4.5296109
4.5296109
4.5296109
4.5296109
4.5296109
4.5296109
4.5296109
4.5296109
4.5296109
4.5296109
4.5296109
4.5296109
4.5296109
4.5296109
4.5296109
4.5296109
4.5296109
4.4243193
4.4243193
4.4243193
4.4243193
4.4243193
4.4243193
4.4243193
4.4243193
4.4243193
4.4243193
4.4243193
4.4243193
4.4243193
4.4243193
4.4243193
4.4243193
4.4243193
4.4243193
4.4243193
4.4243193
4.4243193
4.2302355
4.2302355
4.2302355
4.2302355
4.2302355
4.2302355
4.2302355
4.2302355
4.2302355
4.2302355
4.2302355
4.2302355
4.2302355
4.2302355
4.2302355
4.2302355
4.2302355
4.2302355
4.2302355
4.2302355
4.2302355
4.1079405
4.1079405
4.1079405
4.1079405
4.1079405
4.1079405
4.1079405
4.1079405
4.1079405
4.1079405
4.1079405
4.1079405
4.1079405
4.1079405
4.1079405
4.1079405
4.1079405
4.1079405
4.1079405
4.1079405
4.1079405
4.1110518
4.1110518
4.1110518
4.1110518
4.1110518
4.1110518
4.1110518
4.1110518
4.1110518
4.1110518
4.1110518
4.1110518
4.1110518
4.1110518
4.1110518
4.1110518
4.1110518
4.1110518
4.1110518
4.1110518
4.1110518
4.2802841
4.2802841
4.2802841
4.2802841
4.2802841
4.2802841
4.2802841
4.2802841
4.2802841
4.2802841
4.2802841
4.2802841
4.2802841
4.2802841
4.2802841
4.2802841
4.2802841
4.2802841
4.2802841
4.2802841
4.2802841
4.6778739
4.6778739
4.6778739
4.6778739
4.6778739
4.6778739
4.6778739
4.6778739
4.6778739
4.6778739
4.6778739
4.6778739
4.6778739
4.6778739
4.6778739
4.6778739
4.6778739
4.6778739
4.6778739
4.6778739
4.6778739
5.2494187
5.2494187
5.2494187
5.2494187
5.2494187
5.2494187
5.2494187
5.2494187
5.2494187
5.2494187
5.2494187
5.2494187
5.2494187
5.2494187
5.2494187
5.2494187
5.2494187
5.2494187
5.2494187
5.2494187
5.2494187
5.9989383
5.9989383
5.9989383
5.9989383
5.9989383
5.9989383
5.9989383
5.9989383
5.9989383
5.9989383
5.9989383
5.9989383
5.9989383
5.9989383
5.9989383
5.9989383
5.9989383
5.9989383
5.9989383
5.9989383
5.9989383
6.8567962
6.8567962
6.8567962
6.8567962
6.8567962
6.8567962
6.8567962
6.8567962
6.8567962
6.8567962
6.8567962
6.8567962
6.8567962
6.8567962
6.8567962
6.8567962
6.8567962
6.8567962
6.8567962
6.8567962
6.8567962
7.6668373
7.6668373
7.6668373
7.6668373
7.6668373
7.6668373
7.6668373
7.6668373
7.6668373
7.6668373
7.6668373
7.6668373
7.6668373
7.6668373
7.6668373
7.6668373
7.6668373
7.6668373
7.6668373
7.6668373
7.6668373
8.554651
8.554651
8.554651
8.554651
8.554651
8.554651
8.554651
8.554651
8.554651
8.554651
8.554651
8.554651
8.554651
8.554651
8.554651
8.554651
8.554651
8.554651
8.554651
8.554651
8.554651
9.2876205
9.2876205
9.2876205
9.2876205
9.2876205
9.2876205
9.2876205
9.2876205
9.2876205
9.2876205
9.2876205
9.2876205
9.2876205
9.2876205
9.2876205
9.2876205
9.2876205
9.2876205
9.2876205
9.2876205
9.2876205
9.8403286
9.8403286
9.8403286
9.8403286
9.8403286
9.8403286
9.8403286
9.8403286
9.8403286
9.8403286
9.8403286
9.8403286
9.8403286
9.8403286
9.8403286
9.8403286
9.8403286
9.8403286
9.8403286
9.8403286
9.8403286
10.159005
10.159005
10.159005
10.159005
10.159005
10.159005
10.159005
10.159005
10.159005
10.159005
10.159005
10.159005
10.159005
10.159005
10.159005
10.159005
10.159005
10.159005
10.159005
10.159005
10.159005
10.239392
10.239392
10.239392
10.239392
10.239392
10.239392
10.239392
10.239392
10.239392
10.239392
10.239392
10.239392
10.239392
10.239392
10.239392
10.239392
10.239392
10.239392
10.239392
10.239392
10.239392
10.193589
10.193589
10.193589
10.193589
10.193589
10.193589
10.193589
10.193589
10.193589
10.193589
10.193589
10.193589
10.193589
10.193589
10.193589
10.193589
10.193589
10.193589
10.193589
10.193589
10.193589
0.10736812
0.10736812
0.8380974
0.8380974
0.10736812
0.8380974
0.10736812
0.8380974
0.10736812
0.8380974
0.10736812
0.8380974
0.10736812
0.8380974
0.10736812
0.8380974
0.10736812
0.8380974
0.10736812
0.8380974
0.10736812
0.8380974
0.10736812
0.8380974
0.10736812
0.8380974
0.10736812
0.8380974
0.10736812
0.8380974
0.10736812
0.8380974
0.10736812
0.8380974
0.10736812
0.8380974
0.10736812
0.8380974
0.10736812
0.8380974
0.10736812
0.8380974
2.2939382
2.2939382
2.2939382
2.2939382
2.2939382
2.2939382
2.2939382
2.2939382
2.2939382
2.2939382
2.2939382
2.2939382
2.2939382
2.2939382
2.2939382
2.2939382
2.2939382
2.2939382
2.2939382
2.2939382
2.2939382
4.1030397
4.1030397
4.1030397
4.1030397
4.1030397
4.1030397
4.1030397
4.1030397
4.1030397
4.1030397
4.1030397
4.1030397
4.1030397
4.1030397
4.1030397
4.1030397
4.1030397
4.1030397
4.1030397
4.1030397
4.1030397
5.7517435
5.7517435
5.7517435
5.7517435
5.7517435
5.7517435
5.7517435
5.7517435
5.7517435
5.7517435
5.7517435
5.7517435
5.7517435
5.7517435
5.7517435
5.7517435
5.7517435
5.7517435
5.7517435
5.7517435
5.7517435
7.1340659
7.1340659
7.1340659
7.1340659
7.1340659
7.1340659
7.1340659
7.1340659
7.1340659
7.1340659
7.1340659
7.1340659
7.1340659
7.1340659
7.1340659
7.1340659
7.1340659
7.1340659
7.1340659
7.1340659
7.1340659
8.3358753
8.3358753
8.3358753
8.3358753
8.3358753
8.3358753
8.3358753
8.3358753
8.3358753
8.3358753
8.3358753
8.3358753
8.3358753
8.3358753
8.3358753
8.3358753
8.3358753
8.3358753
8.3358753
8.3358753
8.3358753
9.2974596
9.2974596
9.2974596
9.2974596
9.2974596
9.2974596
9.2974596
9.2974596
9.2974596
9.2974596
9.2974596
9.2974596
9.2974596
9.2974596
9.2974596
9.2974596
9.2974596
9.2974596
9.2974596
9.2974596
9.2974596
10.000148
10.000148
10.000148
10.000148
10.000148
10.000148
10.000148
10.000148
10.000148
10.000148
10.000148
10.000148
10.000148
10.000148
10.000148
10.000148
10.000148
10.000148
10.000148
10.000148
10.000148
10.455818
10.455818
10.455818
10.455818
10.455818
10.455818
10.455818
10.455818
10.455818
10.455818
10.455818
10.455818
10.455818
10.455818
10.455818
10.455818
10.455818
10.455818
10.455818
10.455818
10.455818
10.743411
10.743411
10.743411
10.743411
10.743411
10.743411
10.743411
10.743411
10.743411
10.743411
10.743411
10.743411
10.743411
10.743411
10.743411
10.743411
10.743411
10.743411
10.743411
10.743411
10.743411
11.011374
11.011374
11.011374
11.011374
11.011374
11.011374
11.011374
11.011374
11.011374
11.011374
11.011374
11.011374
11.011374
11.011374
11.011374
11.011374
11.011374
11.011374
11.011374
11.011374
11.011374
11.050588
11.050588
11.050588
11.050588
11.050588
11.050588
11.050588
11.050588
11.050588
11.050588
11.050588
11.050588
11.050588
11.050588
11.050588
11.050588
11.050588
11.050588
11.050588
11.050588
11.050588
11.015092
11.015092
11.015092
11.015092
11.015092
11.015092
11.015092
11.015092
11.015092
11.015092
11.015092
11.015092
11.015092
11.015092
11.015092
11.015092
11.015092
11.015092
11.015092
11.015092
11.015092
10.814679
10.814679
10.814679
10.814679
10.814679
10.814679
10.814679
10.814679
10.814679
10.814679
10.814679
10.814679
10.814679
10.814679
10.814679
10.814679
10.814679
10.814679
10.814679
10.814679
10.814679
10.431379
10.431379
10.431379
10.431379
10.431379
10.431379
10.431379
10.431379
10.431379
10.431379
10.431379
10.431379
10.431379
10.431379
10.431379
10.431379
10.431379
10.431379
10.431379
10.431379
10.431379
10.013813
10.013813
10.013813
10.013813
10.013813
10.013813
10.013813
10.013813
10.013813
10.013813
10.013813
10.013813
10.013813
10.013813
10.013813
10.013813
10.013813
10.013813
10.013813
10.013813
10.013813
9.5343991
9.5343991
9.5343991
9.5343991
9.5343991
9.5343991
9.5343991
9.5343991
9.5343991
9.5343991
9.5343991
9.5343991
9.5343991
9.5343991
9.5343991
9.5343991
9.5343991
9.5343991
9.5343991
9.5343991
9.5343991
9.0611982
9.0611982
9.0611982
9.0611982
9.0611982
9.0611982
9.0611982
9.0611982
9.0611982
9.0611982
9.0611982
9.0611982
9.0611982
9.0611982
9.0611982
9.0611982
9.0611982
9.0611982
9.0611982
9.0611982
9.0611982
8.7845732
8.7845732
8.7845732
8.7845732
8.7845732
8.7845732
8.7845732
8.7845732
8.7845732
8.7845732
8.7845732
8.7845732
8.7845732
8.7845732
8.7845732
8.7845732
8.7845732
8.7845732
8.7845732
8.7845732
8.7845732
8.535487
8.535487
8.535487
8.535487
8.535487
8.535487
8.535487
8.535487
8.535487
8.535487
8.535487
8.535487
8.535487
8.535487
8.535487
8.535487
8.535487
8.535487
8.535487
8.535487
8.535487
8.3695784
8.3695784
8.3695784
8.3695784
8.3695784
8.3695784
8.3695784
8.3695784
8.3695784
8.3695784
8.3695784
8.3695784
8.3695784
8.3695784
8.3695784
8.3695784
8.3695784
8.3695784
8.3695784
8.3695784
8.3695784
8.4584923
8.4584923
8.4584923
8.4584923
8.4584923
8.4584923
8.4584923
8.4584923
8.4584923
8.4584923
8.4584923
8.4584923
8.4584923
8.4584923
8.4584923
8.4584923
8.4584923
8.4584923
8.4584923
8.4584923
8.4584923
8.569152
8.569152
8.569152
8.569152
8.569152
8.569152
8.569152
8.569152
8.569152
8.569152
8.569152
8.569152
8.569152
8.569152
8.569152
8.569152
8.569152
8.569152
8.569152
8.569152
8.569152
8.8821264
8.8821264
8.8821264
8.8821264
8.8821264
8.8821264
8.8821264
8.8821264
8.8821264
8.8821264
8.8821264
8.8821264
8.8821264
8.8821264
8.8821264
8.8821264
8.8821264
8.8821264
8.8821264
8.8821264
8.8821264
9.2667992
9.2667992
9.2667992
9.2667992
9.2667992
9.2667992
9.2667992
9.2667992
9.2667992
9.2667992
9.2667992
9.2667992
9.2667992
9.2667992
9.2667992
9.2667992
9.2667992
9.2667992
9.2667992
9.2667992
9.2667992
